13
3688 1360 2780 256 689 2478 2814 1733 3989 1458 1451 1972 713 2115 3430 0
52 1913 1640 1265 1735 541 0
2996 5768 5538 13957 5744 15004 12324 11184 0
6968 1632 4109 2242 1417 7024 5143 5360 256 1180 4027 0
2117 453 2038 549 3922 3120 0
15473 13662 3430 13045 3021 2049 8985 14204 11784 5947 0
14163 16239 1495 11826 10139 12214 12337 12499 3884 15231 7530 12351 0
14547 16343 11772 6057 14235 0
40 236 199 104 4 131 473 190 498 431 121 494 0
9538 11098 11625 5652 14982 10471 13182 10949 11127 12476 9112 11085 7864 15168 8935 0
160 155 133 212 156 198 0
12190 9659 3514 11589 8543 2803 4742 3257 14427 10393 1854 8514 7190 0
103 173 449 349 135 216 422 201 23 218 466 446 18 0