24
67235063181538321178464953103361505925388677826679492786974790147181418684399715449
9206238656347119105761075939859245540899205209303784407956483082831587944260196141437612756666554272070453632480397448211455632050122049663112979920932513717849103858791562780483921635355588425
259396630450514843945535792456880074043523940756078363514486570322782139633750401577338505233670220572153381665
132980473367242282497284673037549604307310746277363901731233717012104672704818538889393037469151708867132489255106919564710136837304160825061948265664510600390158933
12586269025
1920850301309967491695705062383288298508513010920265753751523045231108313154412985175037599614903852324240126399573862950393639070921649
678327652996327247779165248550766470831037490502555950658956568576707887540426543340885860756645125827972888077357233723647620612838774164351083221391085478586558455287774853825925814085355698767729652157
4801994309516818408452995190383973646671835537213025106017041525333156522800379742496995285687643305513
648473825618649048121038413079524682351409714485519861708388359345126257210057
609297663643530892791951979990217206693894175329255046444641219473596270869815908465388209600595
20672849399056463095319772838289364792345825123228624
11111460156937785151929026842503960837766832936
1132292502314006136426698121962293171905559332103663759466390760010233936535422864435976809911584638851242717916541190796812112106617085101697649440617371630820324778731206280635822679548484114065
433494437
426056956614765925644437233718383606780704477542812045558843083735294299626924853399685933864730144322247648030957959403370383904390103670040359152341584
98966670810630423534302151820587335031466666343849443734017657748199169524665705367570906859090512509718775557015222431021714647829386322577296271424256021684582295977152259098829205426386824411990866793
1033628323428189498226463595560281832
61305790721611591
7654090467756936378415884538348976340768064993978954512095813
1806885656323799249738933639586633513160792578781310139745345
29056702380934301615405180463765614159606694623456608176150512636139494053590042377916723730150094152355453195307509996846546024957135630594
173202963620280415751017001259699364735001400294176305328092640389293285076182952967689983686963672010517441745679366796666275460425933
18526362353047317310282957646406309593963452838196423660508102562977229905562196608078556292556795045922591488273554788881298750625
259098107935652557104489133457117935287501385615468464797658075441635685688364082902818922538578546112563887878124152051556445086889386828976126497605113833423713583754975704308251673170580841059906839650