12
7281 1425 2458 7949 7022 5681 3975 5154 8131 1522 7341 0
570 877 837 603 226 952 1006 842 135 582 0
1966 12477 4756 11659 6450 1355 9836 9300 6270 9349 0
15 14 18 62 244 155 163 130 118 0
174 98 20 129 132 166 254 98 196 0
1953 592 3092 315 2916 563 2653 560 875 2881 781 1156 3870 0
9528 10600 5604 569 12161 337 0
4266 7635 3803 4177 2570 1878 2134 8075 5782 0
6412 956 7190 3524 2075 747 1093 3636 3058 0
1053 2703 947 2454 2845 0
458 3247 575 179 1052 2663 1464 1990 3729 1405 785 1291 342 3990 1769 0
702 54 551 132 436 631 731 699 283 967 289 994 940 923 84 0
